tempo		K			U				eTot				temp		P
0	1.0	1.80598135333	2.80598135333	0.666666666667	1.06817142245
0.243	1.07162398033	1.72086899666	2.79249297699	0.714415986885	1.07593059028
0.486	1.04610403648	1.80192411072	2.8480281472	0.697402690985	1.08635545639
0.729	1.07704616054	1.79722586568	2.87427202622	0.718030773692	1.09026627264
0.972	1.05974250212	1.83554701296	2.89528951508	0.706495001414	1.09033270382
1.215	1.10376357932	1.81414403119	2.91790761051	0.735842386213	1.10467649555
1.458	1.13286965703	1.7671288364	2.89999849343	0.755246438022	1.10934404759
1.701	1.05469613094	1.85524292095	2.90993905189	0.70313075396	1.10298259447
1.944	1.3768425936	1.86764956964	3.24449216324	0.917895062403	1.20651518893
2.187	2.10089749204	1.75324680768	3.85414429972	1.40059832802	1.4197183301
2.43	2.11765421079	1.76021437083	3.87786858162	1.41176947386	1.426550444
2.673	2.03184490469	1.80189964623	3.83374455092	1.35456326979	1.41062018828
2.916	1.94218070038	1.84744290447	3.78962360485	1.29478713359	1.39058252594
3.159	2.32559668375	1.84548783752	4.17108452127	1.55039778917	1.51694463058
3.402	3.14501859309	1.83219194215	4.97721053524	2.09667906206	1.7850159623
3.645	3.46875303385	1.98900601864	5.45775905249	2.31250202257	1.92217196557
3.888	4.22438644366	1.80983505346	6.03422149712	2.8162576291	2.14483272488
4.131	4.32174410772	1.86898453421	6.19072864193	2.88116273848	2.1909552526
4.374	4.54354354765	2.13171986066	6.67526340832	3.02902903177	2.32896662433
4.617	5.08778675351	1.90151274473	6.98929949824	3.39185783567	2.4528826541
4.86	5.48919997379	2.10882374029	7.59802371408	3.65946664919	2.6340678307
5.103	6.79667465483	1.92130178049	8.71797643532	4.53111643655	3.03178121136
5.346	7.14184792775	1.95646546894	9.09831339669	4.76123195184	3.15563176537
5.589	7.35147874584	1.95396585957	9.30544460541	4.90098583056	3.22471481199
5.832	24.4135074282	2.18184168309	26.5953491113	16.2756716188	8.94597424613
6.075	75.2077430893	2.05901522128	77.2667583106	50.1384953929	25.8702930294
6.318	75.9511599276	2.12917313848	78.0803330661	50.6341066184	26.1239279574
6.561	77.417925783	1.87462482357	79.2925506065	51.611950522	26.5632469026
6.804	78.7344098139	2.02007472337	80.7544845373	52.4896065426	27.0340717579
7.047	80.3886666411	2.13584963999	82.5245162811	53.5924444274	27.6184092248
7.29	80.2573025958	1.98044640137	82.2377489972	53.5048683972	27.5410155238
7.533	78.1565006064	2.12875054388	80.2852511503	52.1043337376	26.871559014
7.776	76.3422573776	1.95133885872	78.2935962363	50.8948382518	26.2264825031
8.019	75.6318563969	2.04158867257	77.6734450694	50.4212375979	25.9977566729
8.262	76.8739331987	2.09348026748	78.9674134662	51.2492887991	26.4178145949
8.505	82.6149695512	2.14496716041	84.7599367116	55.0766463675	28.3512262717
8.748	90.0741274146	2.29553454995	92.3696619646	60.0494182764	30.8763738455
8.991	90.3058066837	2.03528943187	92.3410961156	60.2038711225	30.8921389744
9.234	90.1800739122	2.06505972877	92.245133641	60.1200492748	30.8671353566
9.477	90.8255347214	2.08202471366	92.907559435	60.5503564809	31.0693955391
9.72	91.0788449129	2.01291907676	93.0917639896	60.7192299419	31.1456237103
9.963	91.3370372561	2.12204953128	93.4590867874	60.8913581707	31.2587509055
10.206	92.8688346093	2.02172810121	94.8905627105	61.9125564062	31.7370687635
10.449	94.9143176607	2.01039701309	96.9247146738	63.2762117738	32.4193754992
10.692	97.6363816284	2.29019092138	99.9265725497	65.0909210856	33.3917772394
10.935	105.310553234	2.06995121964	107.380504454	70.2070354893	35.9032880745
11.178	106.077920397	2.3870492536	108.464969651	70.718613598	36.2420582788
11.421	107.200091824	2.04290319327	109.242995017	71.4667278828	36.5238131615
11.664	108.271702201	2.14755885482	110.419261055	72.1811348003	36.9175737106
11.907	109.716159325	2.0249532517	111.741112576	73.1441062165	37.3629060239
12.15	110.578566867	2.25314768341	112.83171455	73.7190445778	37.7012658216
12.393	111.93049995	2.20412570193	114.134625652	74.6203333003	38.1488373585
12.636	111.954329326	2.02046493787	113.974794264	74.6362195508	38.1028926034
12.879	112.028123135	2.02738639692	114.055509532	74.6854154235	38.1281387678
13.122	113.040429615	2.23091011095	115.271339726	75.36028641	38.5074552181
13.365	115.381390719	2.15490468391	117.536295403	76.9209271461	39.2739492921
13.608	117.377920434	2.13609514994	119.514015584	78.2519469561	39.9436573449
13.851	119.359239442	2.21525520883	121.57449465	79.5728262944	40.6168495855
14.094	120.621682513	2.18719328027	122.808875794	80.4144550088	41.0219615831
14.337	121.701242704	2.33032019084	124.031562895	81.1341618027	41.4216055597
14.58	123.855281546	2.36388844967	126.219169995	82.570187697	42.1382158456
14.823	129.313908102	2.16273820263	131.476646305	86.2092720681	43.916974051
15.066	131.550437569	2.2223236186	133.772761188	87.7002917126	44.6736297462
15.309	133.559631278	2.13001563967	135.689646918	89.0397541854	45.3275943094
15.552	137.487169568	2.26592247037	139.753092038	91.6581130453	46.6659150697
15.795	146.071138959	2.32369822481	148.394837184	97.3807593061	49.5349199944
16.038	158.235389893	2.23838934478	160.473779238	105.490259929	53.5770274412
16.281	166.552875517	2.0630127286	168.615888245	111.035250344	56.3073294039
16.524	169.454327822	2.06978787817	171.5241157	112.969551881	57.2871136563
16.767	171.394158104	2.14995183512	173.544109939	114.262772069	57.9587141558
17.01	173.170034565	2.22126106515	175.39129563	115.44668971	58.5676704197
17.253	176.126199468	2.40018544639	178.526384914	117.417466312	59.5687845039
17.496	189.830540369	2.33714536381	192.167685733	126.553693579	64.139864547
17.739	201.594721252	2.42707529999	204.021796552	134.396480835	68.0921896605
17.982	203.615042118	2.10015622332	205.715198341	135.743361412	68.6704132563
18.225	204.17036357	1.99663956747	206.167003138	136.113575714	68.8358036719
18.468	204.90774327	2.22112367705	207.128866947	136.60516218	69.1279740048
18.711	205.533580599	2.1225714872	207.656152086	137.022387066	69.30704279
18.954	207.468962604	2.12360030944	209.592562913	138.312641736	69.959044849
19.197	211.251403694	2.45238210346	213.703785797	140.834269129	71.3230435465
19.44	212.994866844	2.07839138996	215.073258234	141.996577896	71.7976100271
19.683	213.250254487	2.01624442989	215.266498916	142.166836324	71.8730173371
19.926	215.467724696	2.33026075252	217.797985449	143.645149798	72.6993257516
20.169	220.416291566	2.14741534203	222.563706908	146.944194377	74.2835891926
20.412	223.439051513	2.24610276217	225.685154275	148.959367675	75.3154063701
20.655	224.495051215	2.20972108707	226.704772302	149.663367477	75.6681025737
20.898	224.558930449	2.22230461611	226.781235065	149.705953633	75.6785630341
21.141	226.487082274	2.37482766828	228.861909942	150.991388183	76.3715507748
21.384	230.136661646	2.119328778	232.255990424	153.424441097	77.5258936681
21.627	231.630445862	1.90361951286	233.534065375	154.420297242	77.9643221703
21.87	232.789205864	1.95533360339	234.744539468	155.19280391	78.3661557023
22.113	236.061689473	2.37431006327	238.435999536	157.374459648	79.5608698763
22.356	240.25003565	1.95113522602	242.201170876	160.166690433	80.8580279361
22.599	236.249829758	2.20273537666	238.452565134	157.499886505	79.5799012928
22.842	236.3794109	2.18931360772	238.568724508	157.586273933	79.6188661467
23.085	238.201627938	2.13677124185	240.33839918	158.801085292	80.2140336625
23.328	238.583928282	2.08475120835	240.668679491	159.055952188	80.3292321186
23.571	239.161325945	2.10597051145	241.267296456	159.440883963	80.5161976132
23.814	240.487426151	2.05591477181	242.543340923	160.324950768	80.9489409131
24.057	241.850321649	2.29814234659	244.148463996	161.233547766	81.487221226
24.3	241.586905022	2.45995903155	244.046864054	161.057936681	81.4487966626
24.543	240.060057148	2.28502173458	242.345078883	160.040038099	80.8504508844
24.786	239.367999085	2.19399648848	241.561995573	159.578666056	80.6086805911
