tempo		K			U				eTot				temp		P
0	1.0	1.80598135333	2.80598135333	0.666666666667	1.06817142245
0.027	1.00475283834	1.80017943892	2.80493227727	0.669835225562	1.06785699586
0.054	1.01202443494	1.79514631135	2.80717074629	0.674682956624	1.06978410783
0.081	1.02212718698	1.78157864194	2.80370582892	0.681418124652	1.06887267837
0.108	1.03499375578	1.77036692451	2.80536068029	0.689995837186	1.07144331915
0.135	1.04978373498	1.75372635237	2.80351008735	0.69985582332	1.07236280533
0.162	1.0648037569	1.74368734157	2.80849109847	0.709869171264	1.07727672145
0.189	1.07832571499	1.73009247825	2.80841819325	0.718883809996	1.07903670848
0.216	1.08926635229	1.71923675262	2.80850310492	0.726177568196	1.08053006201
0.243	1.09713997313	1.71483806022	2.81197803335	0.731426648757	1.08361593186
0.27	1.10192572537	1.70947897701	2.81140470238	0.734617150246	1.08397551501
0.297	1.10371812352	1.70605254592	2.80977066944	0.735812082345	1.08331860533
0.324	1.1025606312	1.70720249922	2.80976313043	0.735040420803	1.08323542359
0.351	1.0986513892	1.71288550488	2.81153689408	0.73243425947	1.0838030235
0.378	1.09191783697	1.71858607714	2.81050391411	0.727945224649	1.08241065066
0.405	1.08249603896	1.73139857903	2.81389461799	0.721664025976	1.08329244717
0.432	1.0710921913	1.74173726015	2.81282945145	0.714061460867	1.08129804897
0.459	1.05873825297	1.75247209288	2.81121034584	0.705825501977	1.07880697497
0.486	1.04711844106	1.76483377442	2.81195221548	0.698078960706	1.07773960378
0.513	1.03828096455	1.77727161691	2.81555258145	0.692187309697	1.07871936776
0.54	1.03336805784	1.77696358916	2.810331647	0.688912038563	1.07523330143
0.567	1.0318839175	1.77826982767	2.81015374517	0.687922611664	1.07517891948
0.594	1.03211172393	1.77629254783	2.80840427176	0.688074482622	1.07442235184
0.621	1.03242157786	1.77246766664	2.80488924451	0.688281051908	1.07261461424
0.648	1.03185805939	1.76665449563	2.79851255502	0.687905372927	1.06895381862
0.675	1.03003969577	1.76794034131	2.79798003708	0.686693130516	1.06840757642
0.702	1.02703996197	1.76817893288	2.79521889485	0.68469330798	1.06634779476
0.729	1.02313733743	1.77332484992	2.79646218736	0.68209155829	1.06646923514
0.756	1.01875372026	1.77890435101	2.79765807127	0.679169146842	1.0665160022
0.783	1.01453721118	1.78373346194	2.79827067312	0.676358140787	1.06621386548
0.81	1.01087525703	1.79131794329	2.80219320032	0.673916838018	1.06788742836
0.837	1.00790939383	1.79375334665	2.80166274048	0.671939595887	1.0670870169
0.864	1.00578867694	1.79644165618	2.80223033312	0.670525784625	1.06701999575
0.891	1.00379139061	1.80301936297	2.80681075358	0.669194260409	1.06931160229
0.918	1.00108883184	1.80914970167	2.8102385335	0.667392554557	1.07086164959
0.945	0.997443939451	1.81217133153	2.80961527098	0.664962626301	1.06985815784
0.972	0.992784745766	1.81457009451	2.80735484028	0.661856497177	1.06766894148
0.999	0.987443811802	1.81824355502	2.80568736682	0.658295874535	1.0657068902
1.026	0.9821247071	1.8277006234	2.8098253305	0.654749804734	1.06715999095
1.053	0.977718103223	1.83446664853	2.81218475176	0.651812068815	1.06778965246
1.08	0.974650720377	1.8398346841	2.81448540447	0.649767146918	1.0686161971
1.107	0.972764021429	1.84219566541	2.81495968684	0.648509347619	1.0685907032
1.134	0.971820870548	1.84363044378	2.81545131433	0.647880580365	1.06873958572
1.161	0.971773357315	1.84307300143	2.81484635875	0.647848904877	1.06842032037
1.188	0.972768467996	1.84777860168	2.82054706968	0.648512311997	1.07192610915
1.215	0.975160699266	1.84775994296	2.82292064223	0.650107132844	1.0736673412
1.242	0.979249039075	1.84084158308	2.82009062216	0.652832692717	1.07259576818
1.269	0.985057280151	1.83554198651	2.82059926666	0.656704853434	1.07372934958
1.296	0.99261705266	1.8255368755	2.81815392816	0.661744701773	1.07348596369
1.323	1.00189981104	1.8139313773	2.81583118835	0.667933207361	1.07360441569
1.35	1.01251448894	1.8044197383	2.81693422724	0.675009659295	1.07591483913
1.377	1.0233849109	1.79472084865	2.81810575956	0.682256607268	1.07834584786
1.404	1.0332859279	1.7824037463	2.8156896742	0.688857285264	1.07864577922
1.431	1.04124029391	1.7726829292	2.8139232231	0.694160195939	1.07904332255
1.458	1.04626428337	1.76662656192	2.81289084528	0.697509522244	1.07943689866
1.485	1.04771666437	1.76512138069	2.81283804506	0.698477776249	1.07992252966
1.512	1.04586459221	1.76531015161	2.81117474382	0.697243061474	1.07895565927
1.539	1.04225455657	1.77254239583	2.8147969524	0.694836371047	1.08069548176
1.566	1.03911170104	1.7747009244	2.81381262544	0.692741134028	1.07984668669
1.593	1.03737059376	1.77406703635	2.81143763012	0.691580395843	1.07849008319
1.62	1.03590091613	1.77593652176	2.81183743789	0.690600610754	1.07873548293
1.647	1.03316273166	1.77745200533	2.81061473699	0.688775154437	1.07775143922
1.674	1.02860210733	1.78207624643	2.81067835375	0.685734738217	1.07717573856
1.701	1.02255532694	1.78355854495	2.80611387189	0.681703551295	1.07367528294
1.728	1.01550459941	1.78554582999	2.8010504294	0.677003066272	1.06971837777
1.755	1.00794925166	1.79315689972	2.80110615137	0.67196616777	1.06863158423
1.782	1.00016740326	1.80271038732	2.80287779058	0.666778268837	1.06847667817
1.809	0.992375788746	1.8134643622	2.80584015094	0.661583859164	1.06893762842
1.836	0.984692198349	1.81714340175	2.8018356001	0.656461465566	1.06529675337
1.863	0.976955382267	1.82196173601	2.79891711827	0.651303588178	1.06222327152
1.89	0.969448506891	1.83171780928	2.80116631617	0.646299004594	1.06205568298
1.917	0.962513386849	1.83297901562	2.79549240247	0.641675591233	1.05725375594
1.944	0.956568736214	1.83896743498	2.7955361712	0.63771249081	1.05585588958
1.971	0.952903904607	1.84507636682	2.79798027143	0.635269269738	1.05615255244
1.998	0.953383776964	1.84304458447	2.79642836144	0.635589184643	1.05476336385
2.025	0.959278301182	1.84120879807	2.80048709925	0.639518867455	1.05751704013
2.052	0.970182820938	1.83368084177	2.80386366271	0.646788547292	1.06071682792
2.079	0.983898909064	1.82216625488	2.80606516394	0.655932606043	1.06368556712
2.106	0.997731611685	1.80653774129	2.80426935298	0.66515440779	1.06440952256
2.133	1.01006740448	1.79699230889	2.80705971337	0.673378269655	1.06761165809
2.16	1.02042724747	1.79245535768	2.81288260515	0.680284831645	1.07225614139
2.187	1.02837250214	1.78559048128	2.81396298342	0.685581668095	1.07390204913
2.214	1.03372772792	1.78019848828	2.8139262162	0.689151818613	1.07465462442
2.241	1.03686924745	1.77653147378	2.81340072123	0.691246164966	1.07485050865
2.268	1.03787324005	1.77617500818	2.81404824823	0.691915493365	1.07547048661
2.295	1.03673183683	1.77158833566	2.80832017249	0.691154557885	1.07219962678
2.322	1.03388475952	1.77684450292	2.81072926244	0.689256506347	1.07343045315
2.349	1.03019508119	1.77766829863	2.80786337982	0.686796720794	1.0715260638
2.376	1.02692404743	1.78096378824	2.80788783567	0.684616031617	1.07137370998
2.403	1.02523038516	1.78495456165	2.81018494681	0.683486923439	1.07285018077
2.43	1.02535528223	1.7807182809	2.80607356313	0.683570188153	1.07101754804
2.457	1.02640281135	1.7836048009	2.81000761225	0.684268540901	1.0740016342
2.484	1.02664765425	1.78160069697	2.80824835122	0.6844317695	1.07357692569
2.511	1.02467994824	1.78644029894	2.81112024717	0.68311996549	1.07550833547
2.538	1.0199974071	1.79742173407	2.81741914117	0.679998271398	1.07901192989
2.565	1.01284867874	1.80012776682	2.81297644556	0.675232452492	1.07589448239
2.592	1.00395851491	1.81139343632	2.81535195123	0.669305676609	1.0764371943
2.619	0.994523156865	1.81977106769	2.81429422455	0.66301543791	1.0748604632
2.646	0.985664787901	1.83091781748	2.81658260538	0.657109858601	1.07527232665
2.673	0.977924854597	1.83351634359	2.81144119819	0.651949903065	1.07159001852
2.7	0.971705803159	1.84199067304	2.8136964762	0.647803868772	1.07239167575
2.727	0.966983380068	1.85016661035	2.81714999042	0.644655586712	1.07400251052
2.754	0.963260863631	1.85037956089	2.81364042452	0.642173909088	1.07165629174
2.781	0.960051762219	1.85466240167	2.81471416389	0.640034508146	1.07197730353
2.808	0.957278417053	1.85801632046	2.81529473752	0.638185611369	1.07199332054
2.835	0.954812033113	1.86110281275	2.81591484586	0.636541355408	1.07201911804
2.862	0.9523741537	1.86580208286	2.81817623656	0.634916102467	1.07298549394
2.889	0.949833021529	1.86653267302	2.81636569455	0.633222014352	1.07152965992
2.916	0.946903676287	1.86309370553	2.80999738182	0.631269117525	1.06735313595
2.943	0.943683356398	1.86452757671	2.8082109331	0.629122237598	1.06577039629
2.97	0.940425238379	1.87115928944	2.81158452782	0.626950158919	1.06718877812
2.997	0.937280249733	1.87269768363	2.80997793336	0.624853499822	1.06579310242
3.024	0.93444058052	1.87556729316	2.81000787368	0.622960387013	1.06541351586
3.051	0.931849662313	1.87290641096	2.80475607327	0.621233108209	1.06201227763
3.078	0.929353633825	1.87072795514	2.80008158897	0.619569089216	1.05899032473
3.105	0.927356341986	1.8744239015	2.80178024349	0.618237561324	1.05974093615
3.132	0.926599290246	1.87639050515	2.8029897954	0.617732860164	1.06034681965
3.159	0.927432935085	1.87439923341	2.80183216849	0.61828862339	1.05979949559
3.186	0.92994337468	1.86561157414	2.79555494882	0.619962249786	1.05648728404
3.213	0.933990187159	1.86159966522	2.79558985238	0.622660124773	1.05696445668
3.24	0.939403922196	1.85214959037	2.79155351256	0.626269281464	1.0551922895
3.267	0.946126422613	1.84658163762	2.79270806023	0.630750948409	1.05652100849
3.294	0.954309971285	1.83615960298	2.79046957427	0.636206647523	1.05600726246
3.321	0.963946655887	1.82413648061	2.7880831365	0.642631103925	1.05555995517
3.348	0.974788736776	1.81843945694	2.79322819372	0.64985915785	1.05957018108
3.375	0.986604055056	1.80312131895	2.78972537401	0.657736036704	1.05863985759
3.402	0.998853621505	1.79261110641	2.79146472792	0.665902414337	1.06074997267
3.429	1.01095660931	1.78217204721	2.79312865652	0.673971072875	1.06283718202
3.456	1.02256006662	1.77041318866	2.79297325528	0.681706711077	1.06387558283
3.483	1.033619686	1.76105663217	2.79467631817	0.689079790666	1.06590687573
3.51	1.04420721188	1.74991062196	2.79411783384	0.696138141255	1.06649345606
3.537	1.05370957236	1.74263522546	2.79634479782	0.70247304824	1.06858489755
3.564	1.06191355128	1.73384637814	2.79575992942	0.707942367523	1.06891867568
3.591	1.06907331312	1.73070960595	2.79978291906	0.712715542077	1.07175223528
3.618	1.07509966029	1.72414807954	2.79924773982	0.716733106858	1.0718320082
3.645	1.08007333387	1.71865109818	2.79872443205	0.720048889243	1.07184170337
3.672	1.08412349227	1.71633622578	2.80045971806	0.722748994848	1.07310610716
3.699	1.08731562502	1.71306423986	2.80037986488	0.724877083349	1.07328308541
3.726	1.08958332901	1.71493813272	2.80452146174	0.72638888601	1.07583221034
3.753	1.09099478783	1.71756560209	2.80856038992	0.727329858554	1.07830068714
3.78	1.09176217273	1.71452050182	2.80628267455	0.727841448488	1.07710440854
3.807	1.09223890601	1.71524565714	2.80748456315	0.728159270674	1.07791531664
3.834	1.09283574886	1.71467622438	2.80751197324	0.728557165905	1.07805345683
3.861	1.09351599578	1.71228045842	2.8057964542	0.729010663855	1.07723317128
3.888	1.09410050839	1.71733560206	2.81143611045	0.729400338924	1.08076285278
3.915	1.0946583579	1.719061942	2.8137202999	0.7297722386	1.08239676936
3.942	1.09500429939	1.71113770339	2.80614200278	0.730002866259	1.07836580782
3.969	1.09492933873	1.71572933877	2.8106586775	0.729952892489	1.08130921567
3.996	1.09461885832	1.71603042943	2.81064928775	0.729745905547	1.08157254225
4.023	1.09428797409	1.71469240249	2.80898037658	0.729525316061	1.08079315303
4.05	1.09405781049	1.71724900091	2.8113068114	0.729371873659	1.08226200401
4.077	1.09407598663	1.71665642333	2.81073240995	0.729383991086	1.08202751925
4.104	1.09435930152	1.71640112387	2.81076042539	0.729572867683	1.08216306678
4.131	1.09510382954	1.71438370853	2.80948753807	0.730069219691	1.08160205128
4.158	1.09622586743	1.70968666069	2.80591252811	0.73081724495	1.0797100486
4.185	1.09695124623	1.71231968988	2.80927093611	0.731300830822	1.08173371694
4.212	1.09624911315	1.71295760547	2.80920671862	0.730832742098	1.08154222668
4.239	1.09313157548	1.71257635569	2.80570793117	0.728754383655	1.0789603499
4.266	1.08700838771	1.71418865332	2.80119704102	0.724672258472	1.07527808951
4.293	1.07864363832	1.72343445416	2.80207809248	0.719095758878	1.07429900297
4.32	1.07148280307	1.73210894931	2.80359175238	0.714321868713	1.07384417685
4.347	1.06940847591	1.73182499964	2.80123347555	0.712938983938	1.07215038032
4.374	1.07195371041	1.72894568931	2.80089939971	0.714635806938	1.07244463755
4.401	1.07554527701	1.72692017081	2.80246544782	0.717030184674	1.0738156317
4.428	1.07777360058	1.7207144391	2.79848803968	0.718515733718	1.07164757058
4.455	1.07857853981	1.7221904335	2.8007689733	0.719052359871	1.07284072284
4.482	1.07889840816	1.7197011436	2.79859955176	0.719265605438	1.07133630235
4.509	1.07938165138	1.71754540608	2.79692705746	0.719587767587	1.07018466919
4.536	1.08050690127	1.71253458845	2.79304148972	0.720337934179	1.06786862081
4.563	1.08210740799	1.71959271421	2.80170012221	0.721404938663	1.07294754517
4.59	1.08382772063	1.71781596366	2.80164368429	0.722551813757	1.07309340893
4.617	1.08541979509	1.71163082239	2.79705061747	0.723613196725	1.07060733955
4.644	1.08638414529	1.70831728849	2.79470143378	0.72425609686	1.06937452938
4.671	1.08653691868	1.71159615041	2.79813306908	0.724357945786	1.07138291562
4.698	1.08564846185	1.71661665941	2.80226512126	0.723765641231	1.07368765523
4.725	1.08363094198	1.71810535219	2.80173629417	0.722420627985	1.07322233002
4.752	1.08073722901	1.72216748986	2.80290471886	0.720491486005	1.07362096801
4.779	1.07688275372	1.73131757552	2.80820032924	0.717921835811	1.07627129415
4.806	1.07183711827	1.7339965993	2.80583371757	0.714558078847	1.07441149272
4.833	1.06571206474	1.74183634634	2.80754841108	0.710474709826	1.07477045744
4.86	1.05871679003	1.75278364348	2.8115004335	0.705811193352	1.07627514543
4.887	1.05094957605	1.75767376638	2.80862334243	0.700633050699	1.07369408211
4.914	1.04277870453	1.76709945836	2.80987816289	0.69518580302	1.07338812749
4.941	1.03471130252	1.77357226426	2.80828356679	0.689807535016	1.07141909875
4.968	1.02751074433	1.77676067394	2.80427141827	0.685007162885	1.06818375669
4.995	1.02202760905	1.78054142829	2.80256903735	0.68135173937	1.06656449485
5.022	1.01905365341	1.783499844	2.80255349741	0.67936910227	1.06631733108
5.049	1.01882142829	1.78475569501	2.8035771233	0.679214285528	1.06706972478
5.076	1.02087393998	1.78093591096	2.80180985094	0.68058262665	1.06648604036
5.103	1.02423599363	1.77859706071	2.80283305434	0.68282399575	1.06769676819
5.13	1.02781783423	1.77153840398	2.7993562382	0.685211889484	1.06636983139
5.157	1.03074929997	1.76573337822	2.79648267818	0.687166199978	1.06532986942
5.184	1.03227792807	1.76067572334	2.7929536514	0.688185285379	1.0637071207
5.211	1.03166753246	1.76646819301	2.79813572548	0.687778354976	1.06676779459
5.238	1.02879840336	1.77348524654	2.8022836499	0.685865602242	1.06886461795
5.265	1.02546466223	1.77476418091	2.80022884315	0.683643108154	1.06722069684
5.292	1.02430310903	1.77366379399	2.79796690301	0.682868739351	1.06582893574
5.319	1.02567670754	1.77143429519	2.79711100273	0.683784471697	1.06577659928
5.346	1.02738480361	1.76842260993	2.79580741354	0.684923202409	1.06548792893
5.373	1.02755779394	1.76588326919	2.79344106313	0.685038529297	1.06425096536
5.4	1.02558832345	1.76848270088	2.79407102433	0.683725548965	1.06434347651
5.427	1.02152694215	1.77707709643	2.79860403858	0.681017961431	1.06638984345
5.454	1.01570725199	1.78515142974	2.80085868174	0.677138167997	1.0668812517
5.481	1.00858933577	1.78881290467	2.79740224044	0.67239289051	1.0638902301
5.508	1.00085769111	1.79768378651	2.79854147762	0.667238460741	1.06343607288
5.535	0.993614729734	1.80389314931	2.79750787905	0.662409819823	1.06173134793
5.562	0.988186619784	1.80776800869	2.79595462847	0.658791079856	1.06000547036
5.589	0.985742184719	1.80853851594	2.79428070066	0.657161456479	1.05873188695
5.616	0.986092086646	1.81097947751	2.79707156415	0.65739472443	1.06051505818
5.643	0.987571371554	1.81117517492	2.79874654647	0.658380914369	1.06181689807
5.67	0.988423048127	1.81196980062	2.80039284875	0.658948698751	1.06294523344
5.697	0.987568844553	1.8133775084	2.80094635296	0.658379229702	1.06311160184
5.724	0.984984307245	1.81885378708	2.80383809432	0.65665620483	1.06429991823
5.751	0.981473144343	1.82531887637	2.80679202071	0.654315429562	1.06531211381
5.778	0.978292394805	1.8343737421	2.81266613691	0.65219492987	1.06800304943
5.805	0.976972241842	1.83290663646	2.8098788783	0.651314827895	1.06597159679
5.832	0.979146693896	1.82849958954	2.80764628344	0.652764462597	1.0648501497
5.859	0.985709607693	1.82414622028	2.80985582797	0.657139738462	1.06705751782
5.886	0.995811634915	1.81099172484	2.80680335976	0.663874423277	1.06677857411
5.913	1.00728524952	1.79085374494	2.79813899446	0.671523499682	1.06341686036
5.94	1.01834060705	1.78034680212	2.79868740916	0.678893738031	1.06529151553
5.967	1.02837945554	1.77210873666	2.8004881922	0.685586303692	1.06767743029
5.994	1.03731232619	1.76385626755	2.80116859374	0.691541550796	1.06921842623
6.021	1.04535274027	1.75362322137	2.79897596164	0.696901826848	1.06895390504
6.048	1.05282258911	1.73998564703	2.79280823614	0.701881726071	1.06629945755
6.075	1.06010321784	1.72876589787	2.78886911571	0.706735478562	1.06491740361
6.102	1.06764542695	1.71956388532	2.78720931227	0.711763617966	1.06488033381
6.129	1.07549593508	1.71397749047	2.78947342555	0.716997290054	1.06718341725
6.156	1.08335822883	1.71061745799	2.79397568681	0.722238819219	1.07079988108
6.183	1.09059186192	1.70275452846	2.79334639038	0.727061241279	1.07135239453
6.21	1.09636820607	1.69511202071	2.79148022678	0.730912137383	1.07101953131
6.237	1.10044162556	1.69447734526	2.79491897083	0.733627750375	1.07347846373
6.264	1.10271755798	1.69470752591	2.79742508389	0.735145038655	1.07512871675
6.291	1.10331840748	1.6980608686	2.80137927608	0.735545604988	1.0774737546
6.318	1.10291833808	1.69510130376	2.79801964184	0.735278892054	1.07544618162
6.345	1.10197782658	1.70114444696	2.80312227354	0.734651884389	1.07825848222
6.372	1.1008518435	1.70457058695	2.80542243046	0.733901229001	1.07940631523
6.399	1.09975710001	1.70339184917	2.80314894919	0.733171400008	1.07786098773
6.426	1.09837297432	1.70870399579	2.80707697011	0.732248649548	1.07988004933
6.453	1.09647835715	1.71183288188	2.80831123903	0.730985571436	1.08028883683
6.48	1.09428057343	1.71573973377	2.8100203072	0.729520382288	1.08091614721
6.507	1.09206232822	1.72033514337	2.81239747159	0.72804155215	1.08186483505
6.534	1.09016775735	1.72000052519	2.81016828254	0.726778504898	1.08018782534
6.561	1.08905479916	1.72009247133	2.80914727049	0.726036532775	1.07933510392
6.588	1.08870158233	1.71811187167	2.806813454	0.725801054885	1.07789552446
6.615	1.08835751426	1.72235529151	2.81071280577	0.725571676171	1.08010131995
6.642	1.08699786953	1.71895273948	2.80595060902	0.724665246356	1.07717395953
6.669	1.0837614955	1.72322311835	2.80698461385	0.722507663669	1.07733640873
6.696	1.07806107183	1.72553711474	2.80359818658	0.718707381223	1.0746424245
6.723	1.07007133442	1.72843154043	2.79850287485	0.713380889615	1.07066681692
6.75	1.06056266959	1.74263565204	2.80319832164	0.707041779728	1.0720749171
6.777	1.05027508581	1.7490435167	2.79931860251	0.700183390539	1.06839452436
6.804	1.04019598153	1.7579921311	2.79818811264	0.693463987688	1.06637181125
6.831	1.03148360935	1.76559916637	2.79708277572	0.687655739565	1.06458476176
6.858	1.02506097665	1.77137678253	2.79643775918	0.683373984434	1.06342561271
6.885	1.02124420013	1.77859941728	2.79984361741	0.680829466754	1.06501367903
6.912	1.01975474371	1.77889542737	2.79865017107	0.679836495804	1.06434525978
6.939	1.02004203027	1.77791897047	2.79796100073	0.68002802018	1.0642957278
6.966	1.02148106763	1.77534091026	2.79682197789	0.680987378421	1.06417190925
6.993	1.02334158815	1.77458559521	2.79792718336	0.682227725432	1.06542595397
7.02	1.02487930791	1.76899470564	2.79387401355	0.683252871937	1.06366739932
7.047	1.02548163653	1.76551746571	2.79099910225	0.683654424356	1.06246837783
7.074	1.024721691	1.765681496	2.79040318701	0.683147794002	1.06241274556
7.101	1.02240877509	1.7719750703	2.79438384539	0.681605850062	1.06477657442
7.128	1.01824446817	1.77727416624	2.79551863441	0.678829645447	1.06525073135
7.155	1.01210796935	1.78453842277	2.79664639213	0.674738646236	1.06544652634
7.182	1.00405825787	1.80128421914	2.805342477	0.66937217191	1.06967990292
7.209	0.994084496968	1.80900775545	2.80309225241	0.662722997979	1.06728341296
7.236	0.983078152071	1.81957847497	2.80265662704	0.655385434714	1.06567153842
7.263	0.973149962559	1.82633465301	2.79948461556	0.648766641706	1.06244598261
7.29	0.96678762356	1.83166689284	2.7984545164	0.644525082374	1.06092184152
7.317	0.965377045666	1.83413416566	2.79951121133	0.643584697111	1.06134592348
7.344	0.967826476937	1.82916074909	2.79698722603	0.645217651291	1.06021502883
7.371	0.971722930026	1.82226729787	2.79399022789	0.647815286684	1.05886706655
7.398	0.975708305446	1.82530277573	2.80101108118	0.650472203631	1.06312682232
7.425	0.980852364286	1.82264028985	2.80349265414	0.653901576191	1.06481486941
7.452	0.989372094003	1.8176048813	2.80697697531	0.659581396002	1.06763596638
7.479	1.00146045772	1.80291648877	2.80437694649	0.667640305146	1.06758830741
7.506	1.01484073851	1.78481380018	2.79965453869	0.676560492343	1.06642695896
7.533	1.02716291886	1.77182971758	2.79899263644	0.684775279243	1.06736199394
7.56	1.03722250715	1.76864177206	2.8058642792	0.691481671431	1.0722924416
7.587	1.04479272164	1.75878294593	2.80357566757	0.696528481091	1.07159559489
7.614	1.05017543355	1.75118033477	2.80135576832	0.700116955701	1.07063756929
7.641	1.05373364817	1.74479406939	2.79852771756	0.702489098778	1.06910201601
7.668	1.05578881442	1.74561500612	2.80140382053	0.703859209612	1.07070908519
7.695	1.05651181689	1.75009049464	2.80660231153	0.704341211261	1.0735850744
7.722	1.05648594795	1.75185850064	2.80834444859	0.704323965298	1.0744220267
7.749	1.05617374471	1.75048216177	2.80665590648	0.704115829805	1.07326442542
7.776	1.05574431262	1.7567118601	2.81245617272	0.703829541748	1.07648111062
7.803	1.055498306	1.75006526704	2.80556357304	0.703665537331	1.07246357048
7.83	1.05557299913	1.75042628184	2.80599928097	0.703715332753	1.07282091032
7.857	1.05586327554	1.74153322606	2.7973965016	0.703908850359	1.06809256615
7.884	1.056367039	1.74727005585	2.80363709485	0.704244692666	1.07206411785
7.911	1.05689613438	1.74956786143	2.80646399581	0.704597422922	1.07410907192
7.938	1.05701436628	1.75056434766	2.80757871394	0.704676244185	1.07514648395
7.965	1.05629452171	1.75078819062	2.80708271232	0.704196347804	1.0751487782
7.992	1.05424406545	1.75110916543	2.80535323088	0.702829376967	1.07429718837
8.019	1.05068243204	1.75636672909	2.80704916113	0.700454954695	1.07520020855
8.046	1.04544282502	1.75758891909	2.80303174412	0.696961883348	1.0725359472
8.073	1.03833871476	1.76290776838	2.80124648314	0.69222580984	1.07091757373
8.1	1.0296036259	1.77216615443	2.80176978033	0.686402417265	1.07039287509
8.127	1.01989759948	1.78136615294	2.80126375242	0.679931732987	1.06904500404
8.154	1.01003150107	1.79644524849	2.80647674956	0.673354334044	1.07089826228
8.181	1.00125850244	1.80529102875	2.80654953119	0.667505668297	1.06985374533
8.208	0.994766033639	1.8118038956	2.80656992924	0.663177355759	1.06905530993
8.235	0.990893019854	1.81615607293	2.80704909279	0.660595346569	1.06885042925
8.262	0.988706903651	1.82170576498	2.81041266863	0.659137935768	1.07046015412
8.289	0.986655002413	1.82599905649	2.8126540589	0.657770001609	1.07140894339
8.316	0.984499770508	1.82754264121	2.81204241172	0.656333180339	1.07062812407
8.343	0.983135701385	1.82954149295	2.81267719433	0.655423800923	1.07054424856
8.37	0.983362472589	1.82755843878	2.81092091137	0.655574981726	1.06923565392
8.397	0.985544155667	1.82894358587	2.81448774154	0.657029437112	1.07122072205
8.424	0.989890063339	1.82004409374	2.80993415707	0.659926708892	1.06874442281
8.451	0.996141021019	1.81098567414	2.80712669516	0.664094014013	1.06749259762
8.478	1.00364677534	1.80344274077	2.80708951611	0.669097850228	1.06809210157
8.505	1.01203595673	1.80131213192	2.81334808865	0.674690637822	1.07250139666
8.532	1.02075880434	1.7931282912	2.81388709553	0.680505869558	1.07366984264
8.559	1.02908182009	1.78189771625	2.81097953634	0.68605454673	1.07280933527
8.586	1.03641130432	1.77631163666	2.81272294099	0.690940869549	1.07450092752
8.613	1.04256031522	1.76955650095	2.81211681617	0.695040210145	1.07463564468
8.64	1.04727254491	1.76600127227	2.81327381717	0.698181696605	1.07556764525
8.667	1.05031043084	1.76534084793	2.81565127878	0.700206953895	1.07699984823
8.694	1.05172694775	1.76337781281	2.81510476056	0.701151298499	1.07654545189
8.721	1.05152525851	1.76304026258	2.81456552109	0.701016839009	1.075892106
8.748	1.04995641649	1.76810320795	2.81805962444	0.699970944327	1.07735501189
8.775	1.0474642216	1.76946065134	2.81692487294	0.698309481069	1.07596901379
8.802	1.04474569521	1.77221706688	2.81696276208	0.696497130138	1.0751858049
8.829	1.04285264787	1.76902750443	2.81188015229	0.695235098578	1.07154220856
8.856	1.04295789416	1.77186991423	2.81482780839	0.695305262775	1.07285599195
8.883	1.045665918	1.76622340349	2.81188932149	0.697110611999	1.07128777445
8.91	1.05096092174	1.75684184618	2.80780276793	0.700640614496	1.06953631365
8.937	1.05815749606	1.74948906456	2.80764656061	0.705438330703	1.07033350613
8.964	1.06599355991	1.73644935499	2.8024429149	0.710662373276	1.06826914933
8.991	1.07345575133	1.73294013465	2.80639588598	0.715637167552	1.07144106719
9.018	1.07976821225	1.72615674111	2.80592495336	0.719845474833	1.07193924167
9.045	1.08466300782	1.71893883005	2.80360183787	0.723108671878	1.0712438949
9.072	1.08835988214	1.71522274015	2.80358262229	0.72557325476	1.07167893279
9.099	1.09082255822	1.71615391755	2.80697647577	0.727215038811	1.07390784047
9.126	1.09231098387	1.71415527443	2.8064662583	0.728207322581	1.07373632036
9.153	1.09332103128	1.71093309275	2.80425412403	0.728880687519	1.07252091842
9.18	1.09418034019	1.71927678218	2.81345712237	0.729453560124	1.0779295152
9.207	1.09486698328	1.71675298575	2.81161996903	0.729911322189	1.07702496077
9.234	1.09495526339	1.71256290096	2.80751816436	0.729970175596	1.07481738234
9.261	1.0938622747	1.70789339953	2.80175567423	0.729241516467	1.07156658342
9.288	1.09096174315	1.71026142573	2.80122316888	0.727307828766	1.07119512067
9.315	1.08634623709	1.71722580546	2.80357204255	0.724230824727	1.07230916138
9.342	1.08071148487	1.72870724923	2.8094187341	0.720474323246	1.07527255028
9.369	1.07468999718	1.73422907871	2.80891907589	0.716459998118	1.0745031271
9.396	1.0685592398	1.74378159156	2.81234083136	0.712372826531	1.07602271972
9.423	1.06234853314	1.74429686992	2.80664540306	0.708232355428	1.07226718705
9.45	1.05627967214	1.75212991262	2.80840958477	0.704186448094	1.07277531231
9.477	1.05091058744	1.76392716945	2.81483775689	0.700607058295	1.07598599203
9.504	1.04733703646	1.7664254756	2.81376251206	0.698224690973	1.07506082795
9.531	1.04638699476	1.76684914402	2.81323613879	0.697591329843	1.074824889
9.558	1.04777711691	1.76126819434	2.80904531125	0.69851807794	1.07286097571
9.585	1.05038555459	1.75357740024	2.80396295482	0.700257036392	1.07054386931
9.612	1.05345639809	1.75452471708	2.80798111517	0.702304265393	1.07350763759
9.639	1.05707053936	1.74929893511	2.80636947447	0.704713692906	1.07315972589
9.666	1.06174096711	1.74527718475	2.80701815186	0.707827311405	1.07419117153
9.693	1.06797524151	1.73673727378	2.8047125153	0.711983494343	1.07376601651
9.72	1.07542912755	1.72805810028	2.80348722783	0.7169527517	1.07423997416
9.747	1.08316192534	1.72358205636	2.80674398171	0.72210795023	1.077365726
9.774	1.09003186833	1.72184750217	2.8118793705	0.726687912219	1.08136888145
9.801	1.09508974929	1.71618033949	2.81127008879	0.730059832863	1.08172859863
9.828	1.09775839069	1.71700676972	2.81476516041	0.731838927129	1.08405698961
9.855	1.09766220614	1.71593239013	2.81359459627	0.731774804092	1.08328826821
9.882	1.09455718849	1.72084160659	2.81539879508	0.729704792327	1.08383819772
9.909	1.08852335682	1.72113005443	2.80965341126	0.725682237882	1.07968866117
9.936	1.08016934568	1.73287569968	2.81304504536	0.720112897123	1.08050383785
9.963	1.07009416689	1.73615922031	2.8062533872	0.713396111258	1.07517504506
9.99	1.05889461	1.74737627735	2.80627088735	0.705929739999	1.07362981583
10.017	1.04714145542	1.75742919582	2.80457065124	0.698094303612	1.07100238411
10.044	1.03537635285	1.76759001825	2.8029663711	0.690250901901	1.06839744874
10.071	1.02430540864	1.78213431747	2.80643972611	0.682870272428	1.0687993216
10.098	1.01479217134	1.79276860343	2.80756077478	0.676528114229	1.06805336831
10.125	1.00791630355	1.79981537879	2.80773168234	0.671944202366	1.06710087118
10.152	1.00431108306	1.80399140779	2.80830249085	0.669540722042	1.06689753895
10.179	1.00375496796	1.80169339535	2.80544836332	0.669169978642	1.06520619755
10.206	1.00546758689	1.79926245035	2.80473003724	0.670311724596	1.06510195488
10.233	1.00833606975	1.79343022661	2.80176629636	0.672224046497	1.06387408006
10.26	1.01126043951	1.79514919555	2.80640963506	0.674173626342	1.06711955149
10.287	1.01362509008	1.79037504228	2.80400013236	0.675750060053	1.06629974116
10.314	1.01504366711	1.7865511296	2.80159479671	0.676695778073	1.06533893842
10.341	1.01501505856	1.78838039926	2.80339545782	0.676676705704	1.06656204372
10.368	1.01347040269	1.79050810844	2.80397851112	0.675646935124	1.0668411468
10.395	1.0108628344	1.7925356215	2.8033984559	0.673908556266	1.06626009711
10.422	1.00787131529	1.79901074226	2.80688205755	0.671914210194	1.06797530081
10.449	1.00536550149	1.80209936553	2.80746486702	0.670243667659	1.06810358407
10.476	1.00383490173	1.80079323365	2.80462813538	0.669223267821	1.06641135275
10.503	1.00311418765	1.80499297115	2.8081071588	0.668742791766	1.06851608147
10.53	1.00281296808	1.80697059249	2.80978356057	0.668541978718	1.06965606699
10.557	1.00251293693	1.80891623337	2.8114291703	0.668341957956	1.07077389376
10.584	1.00175148738	1.8085607241	2.81031221148	0.667834324917	1.07024186546
10.611	1.00041894267	1.80647983479	2.80689877745	0.666945961777	1.06828896462
10.638	0.998365330333	1.80730808302	2.80567341335	0.665576886889	1.0674814159
10.665	0.995347763846	1.80860169494	2.80394945879	0.663565175897	1.06623518789
10.692	0.991235515782	1.81663236123	2.80786787701	0.660823677188	1.06810571647
10.719	0.985886633709	1.81913293742	2.80501957113	0.657257755806	1.06590149725
10.746	0.979504364323	1.82671823921	2.80622260353	0.653002909549	1.06587279807
10.773	0.972389786368	1.83389751569	2.80628730205	0.648259857579	1.06504522232
10.8	0.964896149238	1.84094736312	2.80584351236	0.643264099492	1.06385884071
10.827	0.957664971035	1.84653541687	2.8042003879	0.638443314023	1.06204494098
10.854	0.951804941856	1.85429154234	2.80609648419	0.634536627904	1.06245732921
10.881	0.948472270909	1.86004432212	2.80851659303	0.632314847273	1.06353109999
10.908	0.94825403585	1.85780563109	2.80605966694	0.632169357233	1.06231261649
10.935	0.951309137848	1.85520779499	2.80651693284	0.634206091898	1.06322824101
10.962	0.956941171178	1.85239862532	2.80933979649	0.637960780785	1.06580840866
10.989	0.96387066567	1.8448635171	2.80873418277	0.64258044378	1.06654683965
11.016	0.970990153872	1.83548482756	2.80647498144	0.647326769248	1.06631708498
11.043	0.977585346681	1.82776425578	2.80534960246	0.651723564454	1.06664370704
11.07	0.983370042422	1.82531745307	2.80868749549	0.655580028281	1.06941270582
11.097	0.988243756508	1.81873088159	2.8069746381	0.658829171006	1.06910848005
11.124	0.992320164071	1.81130804545	2.80362820952	0.661546776048	1.06775033426
11.151	0.995954419346	1.80252240723	2.79847682658	0.663969612897	1.06530668637
11.178	0.999458575168	1.79846580241	2.79792437758	0.666305716779	1.06551841733
11.205	1.00294562405	1.79679273283	2.79973835688	0.668630416036	1.0671218008
11.232	1.00643965574	1.79100543616	2.7974450919	0.670959770492	1.06636335294
11.259	1.00981665377	1.78520924836	2.79502590213	0.673211102512	1.0654583211
11.286	1.01254089254	1.78195478826	2.7944956808	0.675027261697	1.06546640515
11.313	1.01415509978	1.77804831079	2.79220341057	0.676103399853	1.06424842351
11.34	1.01467385702	1.78094125923	2.79561511624	0.67644923801	1.06609479981
11.367	1.01431891686	1.77976912308	2.79408803995	0.676212611243	1.06493059704
11.394	1.01405887111	1.78127518482	2.79533405592	0.676039247405	1.06541145954
11.421	1.01497496475	1.7838631547	2.79883811945	0.676649976498	1.0673766093
11.448	1.01709424555	1.78566904658	2.80276329213	0.678062830366	1.06982461805
11.475	1.01960785778	1.78079988126	2.80040773904	0.67973857185	1.06875081788
11.502	1.02162920228	1.78211543672	2.80374463901	0.681086134856	1.07090983981
11.529	1.02247480281	1.78233841559	2.8048132184	0.68164986854	1.07157816151
11.556	1.02182049421	1.78419581856	2.80601631277	0.681213662806	1.07207585401
11.583	1.01970256151	1.79034162407	2.81004418558	0.679801707671	1.07394993542
11.61	1.01619412733	1.79618760075	2.81238172808	0.677462751554	1.07460842162
11.637	1.01152472904	1.79916954878	2.81069427782	0.674349819359	1.07278781707
11.664	1.00652894332	1.80423524595	2.81076418927	0.671019295547	1.07193538129
11.691	1.00247449741	1.80612817043	2.80860266783	0.668316331604	1.06991998543
11.718	1.00059087355	1.80632921337	2.80692008692	0.667060582365	1.06851914031
11.745	1.00148397967	1.80253011902	2.80401409869	0.667655986447	1.06682326755
11.772	1.00490793293	1.79670430385	2.80161223678	0.669938621953	1.06574647407
11.799	1.00992729689	1.79397219779	2.80389949468	0.673284864593	1.06756819436
11.826	1.01568157874	1.79224038238	2.80792196112	0.677121052495	1.0704849244
11.853	1.02172316133	1.7879147591	2.80963792043	0.681148774221	1.07206631638
11.88	1.02746891159	1.78916686586	2.81663577745	0.684979274393	1.07664884512
11.907	1.03249781719	1.78018756381	2.812685381	0.688331878126	1.07485918633
11.934	1.0367540243	1.76672064929	2.80347467359	0.691169349534	1.069954394
11.961	1.04007708601	1.76331610256	2.80339318857	0.693384724004	1.07023636853
11.988	1.04236398401	1.76375882371	2.80612280772	0.694909322673	1.07205167065
12.015	1.04364354505	1.76585122672	2.80949477178	0.695762363368	1.07411353563
12.042	1.04403857721	1.76433201782	2.80837059503	0.696025718138	1.07342201377
12.069	1.04371490343	1.76348273095	2.80719763438	0.695809935621	1.07253412787
12.096	1.04247510029	1.7647788129	2.80725391319	0.694983400193	1.0721952086
12.123	1.04005556089	1.75848801821	2.7985435791	0.693370373925	1.06669612631
12.15	1.03668929808	1.76129488085	2.79798417894	0.691126198721	1.0657660914
12.177	1.03260777524	1.76598791277	2.79859568801	0.688405183491	1.06537634403
12.204	1.02775912231	1.769656	2.79741512231	0.685172748207	1.06385824744
12.231	1.02243745216	1.77786482728	2.80030227944	0.681624968106	1.06459453432
12.258	1.01733121023	1.78931771911	2.80664892933	0.678220806817	1.06731212569
12.285	1.01376623951	1.79014697039	2.8039132099	0.675844159674	1.06501297807
12.312	1.01411315776	1.78882052067	2.80293367843	0.676075438509	1.06435721685
12.339	1.01965769741	1.79131165064	2.81096934805	0.679771798273	1.06982779589
12.366	1.029078369	1.78335722386	2.81243559286	0.686052246001	1.07219118106
12.393	1.03956759906	1.77045979536	2.81002739443	0.693045066043	1.07248015263
12.42	1.04890235552	1.760986927	2.80988928252	0.699268237013	1.07393936368
12.447	1.05628338276	1.74734610427	2.80362948703	0.704188921843	1.07152968797
12.474	1.06132375433	1.74183791251	2.80316166683	0.707549169551	1.07213601116
12.501	1.06429509261	1.73938472814	2.80367982075	0.709530061741	1.07301177492
12.528	1.0657485991	1.73970290139	2.80545150049	0.710499066064	1.07429409458
12.555	1.06594275393	1.7366998344	2.80264258833	0.710628502618	1.07269003604
12.582	1.0652511406	1.73855286156	2.80380400216	0.710167427069	1.07318758512
12.609	1.06390047529	1.73991736581	2.8038178411	0.709266983524	1.07285690222
12.636	1.0618927304	1.73681103053	2.79870376093	0.707928486935	1.06943017858
12.663	1.05941901897	1.73701818432	2.79643720328	0.706279345977	1.06754023417
12.69	1.0568684167	1.74132493754	2.79819335424	0.704578944468	1.06792081229
12.717	1.05486973289	1.74391366717	2.79878340006	0.703246488595	1.06770037631
12.744	1.05406709909	1.74357083987	2.79763793896	0.702711399394	1.06664489372
12.771	1.05416149773	1.74396638783	2.79812788556	0.70277433182	1.06669906015
12.798	1.05425626471	1.74454303766	2.79879930237	0.702837509807	1.06688004147
12.825	1.05403772323	1.74823069261	2.80226841584	0.702691815488	1.06862360134
12.852	1.05363902118	1.74757263705	2.80121165823	0.702426014123	1.06773517566
12.879	1.05359537629	1.75224816836	2.80584354466	0.702396917528	1.07023552885
12.906	1.0542357597	1.75150636356	2.80574212326	0.702823839801	1.07014572119
12.933	1.05512121601	1.75352664428	2.80864786028	0.703414144003	1.07187443398
12.96	1.05592313623	1.7527929835	2.80871611973	0.70394875749	1.07198436198
12.987	1.05667542485	1.75203502122	2.80871044607	0.704450283234	1.07203755051
13.014	1.05736371375	1.75197617251	2.80933988626	0.704909142499	1.07243587029
13.041	1.0578114545	1.7549504088	2.81276186331	0.705207636335	1.07445661755
13.068	1.0576135368	1.75446200363	2.81207554043	0.705075691201	1.07412982001
13.095	1.05670734184	1.75357910115	2.81028644299	0.704471561224	1.07313926821
13.122	1.0552926018	1.7526843606	2.8079769624	0.703528401203	1.07175145656
13.149	1.05317974134	1.75595599819	2.80913573953	0.70211982756	1.07224657217
13.176	1.05005370725	1.75450892592	2.80456263317	0.70003580483	1.06928737559
13.203	1.04557014104	1.76063790901	2.80620805005	0.697046760694	1.06975774046
13.23	1.03945466687	1.76845341715	2.80790808402	0.692969777911	1.07004932698
13.257	1.03160463151	1.77983249402	2.81143712553	0.687736421005	1.07117274571
13.284	1.0224471438	1.78837392242	2.81082106622	0.681631429197	1.06969459502
13.311	1.0125963533	1.80225165534	2.81484800864	0.675064235535	1.07071246932
13.338	1.00238071862	1.80968630576	2.81206702439	0.668253812416	1.0677598306
13.365	0.992624165119	1.81951409774	2.81213826286	0.661749443413	1.06658074105
13.392	0.98432068909	1.82613208564	2.81045277473	0.656213792727	1.06463276334
13.419	0.97785297644	1.82973240893	2.80758538537	0.651901984293	1.06229401117
13.446	0.973046777925	1.83501834713	2.80806512506	0.64869785195	1.06211195864
13.473	0.969511992877	1.83973192189	2.80924391477	0.646341328585	1.06244677643
13.5	0.967154132191	1.83816318969	2.80531732188	0.644769421461	1.05997421302
13.527	0.966567968446	1.84163076457	2.80819873302	0.644378645631	1.06167115831
13.554	0.968356360116	1.83985017217	2.80820653229	0.645570906744	1.06201600712
13.581	0.972421217791	1.83507429398	2.80749551177	0.648280811861	1.06229817188
13.608	0.978216378588	1.82642675159	2.80464313018	0.652144252392	1.06158003555
13.635	0.984883794517	1.8144638742	2.79934766872	0.656589196345	1.05957898966
13.662	0.991568768724	1.80942614792	2.80099491665	0.661045845816	1.06152469292
13.689	0.997502870536	1.80409375823	2.80159662877	0.665001913691	1.06269140072
13.716	1.00249104918	1.80030934586	2.80280039504	0.668327366122	1.06402291128
13.743	1.00700475598	1.80267888343	2.80968363941	0.671336503985	1.06853869461
13.77	1.01136658639	1.79835528921	2.80972187561	0.674244390929	1.06914254049
13.797	1.01587882711	1.79216510197	2.80804392908	0.677252551404	1.06882939247
13.824	1.02072076233	1.78617967823	2.80690044056	0.680480508218	1.06880589238
13.851	1.02568330574	1.77902216745	2.80470547319	0.683788870492	1.06809419197
13.878	1.03093146315	1.77681197232	2.80774343547	0.687287642101	1.07038132629
13.905	1.03708847083	1.77074074865	2.80782921948	0.691392313888	1.07112091541
13.932	1.04491731331	1.76001627749	2.8049335908	0.696611542207	1.07039383366
13.959	1.05417603712	1.74723201949	2.80140805661	0.702784024746	1.06943425652
13.986	1.0634824704	1.737189118	2.8006715884	0.708988313597	1.07002416826
14.013	1.07166509776	1.7318183165	2.80348341426	0.714443398507	1.07244900065
14.04	1.07815865055	1.72529502468	2.80345367524	0.718772433702	1.07299383385
14.067	1.08280121923	1.72291690008	2.80571811932	0.721867479488	1.07464796122
14.094	1.08575806314	1.72161294929	2.80737101243	0.723838708761	1.0757647072
14.121	1.08737929123	1.71420653992	2.80158583115	0.724919527486	1.07243440711
14.148	1.08813099682	1.71353289734	2.80166389416	0.725420664547	1.07238648557
14.175	1.088478333	1.71373233272	2.80221066572	0.725652222003	1.07260243262
14.202	1.08862775473	1.71248390818	2.80111166291	0.725751836486	1.0719037581
14.229	1.08871959416	1.71462463703	2.80334423119	0.725813062776	1.07317218104
14.256	1.0885132612	1.71358551122	2.80209877242	0.725675507467	1.07242127103
14.283	1.08765413903	1.71505931806	2.80271345709	0.725102759355	1.0726815149
14.31	1.08591564297	1.72138263978	2.80729828275	0.723943761977	1.07518151927
14.337	1.08330400063	1.72752011204	2.81082411268	0.722202667089	1.07699717088
14.364	1.07987149053	1.73044870346	2.81032019398	0.719914327017	1.07642998862
14.391	1.07556388273	1.73421337163	2.80977725437	0.71704258849	1.07580274747
14.418	1.07046680957	1.74497635532	2.81544316489	0.713644539714	1.07872482756
14.445	1.06472912125	1.7513040784	2.81603319964	0.709819414163	1.07865157242
14.472	1.05855407565	1.75648655938	2.81504063503	0.705702717102	1.07764444556
14.499	1.05243372361	1.75916491482	2.81159863842	0.701622482405	1.07535253411
14.526	1.04740869145	1.76539366138	2.81280235283	0.698272460969	1.07599241265
14.553	1.04462789589	1.76526544625	2.80989334213	0.696418597257	1.07461713254
14.58	1.04427970727	1.76552207293	2.8098017802	0.696186471514	1.07522019335
14.607	1.04537479497	1.75799040472	2.80336519968	0.696916529977	1.07238512468
14.634	1.0467850032	1.7576283269	2.8044133301	0.6978566688	1.07389799925
14.661	1.0476843691	1.75835595975	2.80604032885	0.698456246065	1.07561083268
14.688	1.04737687761	1.76103880826	2.80841568587	0.69825125174	1.07754183369
14.715	1.04566478327	1.76341734819	2.80908213147	0.697109855514	1.07826286909
14.742	1.04271729003	1.76351451185	2.80623180189	0.695144860023	1.07672101516
14.769	1.03842072641	1.7701899977	2.80861072411	0.692280484273	1.0779857625
14.796	1.03271084552	1.77995201997	2.81266286549	0.688473897013	1.08005480026
14.823	1.0258093179	1.78911380649	2.8149231244	0.683872878601	1.08095513817
14.85	1.01834686013	1.79833356191	2.81668042204	0.678897906754	1.08142629098
14.877	1.01090977352	1.80235984515	2.81326961867	0.673939849013	1.07883461608
14.904	1.00379748621	1.8101134435	2.8139109297	0.669198324139	1.07859211687
14.931	0.997478744258	1.81641738467	2.81389612893	0.664985829505	1.07800558658
14.958	0.991881817264	1.81853971548	2.81042153274	0.661254544843	1.07542996436
14.985	0.986411585115	1.82328849314	2.80970007825	0.65760772341	1.0744130545
15.012	0.980469787871	1.83036722917	2.81083701704	0.653646525247	1.07429902824
15.039	0.973418969376	1.82765860034	2.80107756972	0.648945979584	1.06762871725
15.066	0.964930834689	1.8355787421	2.80050957679	0.643287223126	1.06592343478
15.093	0.955104448202	1.84769445768	2.80279890588	0.636736298801	1.06548795041
15.12	0.944232549113	1.85628350693	2.80051605604	0.629488366075	1.06210001193
15.147	0.933387122539	1.86723474046	2.800621863	0.622258081692	1.05992239127
15.174	0.924312438865	1.87304026111	2.79735269997	0.616208292577	1.05588047815
15.201	0.918975141933	1.8825824431	2.80155758503	0.612650094622	1.05659332463
15.228	0.91906875684	1.884720304	2.80378906084	0.61271250456	1.05694327454
15.255	0.924971583817	1.87866725795	2.80363884176	0.616647722544	1.05683803797
15.282	0.935896532261	1.86642803171	2.80232456397	0.623931021507	1.05685719732
15.309	0.950178412932	1.85492063445	2.80509904738	0.633452275288	1.05973760277
15.336	0.965941746657	1.8418530823	2.80779482896	0.643961164438	1.06278288778
15.363	0.981807202023	1.82649985691	2.80830705893	0.654538134682	1.0645460764
15.39	0.997030687968	1.80957591311	2.80660660108	0.664687125312	1.06496541335
15.417	1.01179266729	1.79077398855	2.80256665584	0.674528444863	1.06404136231
15.444	1.02651751794	1.7797288874	2.80624640535	0.684345011962	1.06767804351
15.471	1.04144435627	1.76646670332	2.80791105959	0.694296237516	1.07039386302
15.498	1.05634872542	1.75371167483	2.81006040025	0.704232483616	1.07354868626
15.525	1.07041207364	1.7355414558	2.80595352943	0.713608049091	1.0730629625
15.552	1.08251190785	1.71718963481	2.79970154266	0.721674605235	1.07111339715
15.579	1.09148726721	1.71734654226	2.80883380946	0.727658178138	1.07771780431
15.606	1.09659711174	1.7202876219	2.81688473364	0.731064741157	1.08324154152
15.633	1.09748250811	1.71946215102	2.81694465914	0.73165500541	1.08365250786
15.66	1.09426845089	1.72555653465	2.81982498554	0.729512300591	1.08519134666
15.687	1.08722800793	1.73321070907	2.820438717	0.724818671953	1.08493281938
15.714	1.07671979079	1.74025876467	2.81697855546	0.717813193862	1.08189546629
15.741	1.06342280272	1.75298892377	2.81641172648	0.708948535144	1.08014571383
15.768	1.04818636526	1.7649165603	2.81310292556	0.698790910176	1.07650930612
15.795	1.03219697638	1.77525191771	2.80744889409	0.688131317587	1.0713788351
15.822	1.01669735063	1.78845464447	2.8051519951	0.677798233751	1.06821586417
15.849	1.00254899495	1.80079276641	2.80334176137	0.668365996635	1.06543643463
15.876	0.989907279922	1.80949768893	2.79940496885	0.659938186614	1.06149256889
15.903	0.979541959859	1.82351363538	2.80305559524	0.653027973239	1.06210992622
15.93	0.974084481835	1.83202036349	2.80610484533	0.649389654557	1.06302491355
15.957	0.975684774734	1.82739442174	2.80307919648	0.650456516489	1.06159146792
15.984	0.983336275736	1.81594174654	2.79927802228	0.655557517157	1.06061887776
16.011	0.993405927171	1.808504949	2.80191087617	0.662270618114	1.06358034027
16.038	1.00287232399	1.80015001568	2.80302233967	0.668581549325	1.06544777917
16.065	1.01094657337	1.79266995178	2.80361652515	0.673964382243	1.06670026562
16.092	1.01770163511	1.78139223767	2.79909387278	0.678467756739	1.06472941935
16.119	1.02294775723	1.77040133309	2.79334909032	0.68196517149	1.06185690692
16.146	1.02640985045	1.76812380648	2.79453365694	0.684273233636	1.06276015934
16.173	1.02834284225	1.76389269994	2.79223554219	0.685561894832	1.06138041975
16.2	1.02942987303	1.76293418353	2.79236405656	0.686286582019	1.06117894504
16.227	1.03079272295	1.76394034977	2.79473307272	0.687195148635	1.06229057623
16.254	1.03378530967	1.76507747123	2.7988627809	0.689190206446	1.06470630634
16.281	1.03895129675	1.76222109009	2.80117238684	0.69263419783	1.06658645876
16.308	1.04592828053	1.75406629132	2.79999457185	0.69728552035	1.06687692347
16.335	1.0533804632	1.74429850725	2.79767897045	0.702253642134	1.06661435739
16.362	1.05960040344	1.73806761385	2.7976680173	0.706400268961	1.0675255075
16.389	1.06387479331	1.73502602638	2.79890081969	0.709249862204	1.0688494684
16.416	1.06618401837	1.73164366232	2.79782768069	0.710789345582	1.06854869331
16.443	1.06674713633	1.73338145969	2.80012859602	0.711164757552	1.06999400719
16.47	1.06609701167	1.73354550922	2.79964252089	0.710731341113	1.06968222199
16.497	1.06487445732	1.73765619599	2.80253065332	0.709916304883	1.07123981543
16.524	1.06336362149	1.74037801203	2.80374163352	0.708909080995	1.07180292266
16.551	1.06174298647	1.74668911191	2.80843209838	0.707828657649	1.07439716733
16.578	1.06016551703	1.74814303227	2.8083085493	0.706777011353	1.07427153747
16.605	1.05843632348	1.74231121114	2.80074753462	0.705624215651	1.06990185402
16.632	1.05668734359	1.74686201876	2.80354936235	0.704458229058	1.07151915056
16.659	1.05502213673	1.74967370516	2.80469584189	0.703348091151	1.07211378979
16.686	1.0531101207	1.75046815253	2.80357827323	0.702073413799	1.07133737442
16.713	1.05065408739	1.75460740753	2.80526149492	0.70043605826	1.07214391771
16.74	1.04785676356	1.75856746982	2.80642423338	0.698571175707	1.07258051585
16.767	1.04498906052	1.75965129469	2.80464035521	0.69665937368	1.07125857143
16.794	1.04208070714	1.76541155606	2.8074922632	0.694720471428	1.07258678878
16.821	1.03934244261	1.77045401084	2.80979645345	0.692894961738	1.07359258899
16.848	1.03677760218	1.77066548253	2.80744308471	0.691185068122	1.07193547993
16.875	1.03452109464	1.77467331417	2.80919440881	0.689680729762	1.07265161704
16.902	1.03270247876	1.76975703891	2.80245951767	0.688468319175	1.06846922885
16.929	1.03128659687	1.77228422184	2.80357081871	0.687524397917	1.0689262046
16.956	1.0305955915	1.77302585657	2.80362144808	0.687063727669	1.0688884265
16.983	1.0310630499	1.77835334269	2.8094163926	0.687375366603	1.07231626992
17.01	1.03254202349	1.7773974776	2.8099395011	0.688361348996	1.07289176005
17.037	1.03487323486	1.77553762381	2.81041085867	0.689915489907	1.07359219864
17.064	1.03800882378	1.77126035281	2.80926917659	0.692005882518	1.07340832584
17.091	1.04130795659	1.77088292261	2.81219087921	0.694205304396	1.07560061787
17.118	1.04433755413	1.77133041554	2.81566796967	0.696225036086	1.07809969415
17.145	1.04681066112	1.76596828378	2.8127789449	0.69787377408	1.07684478259
17.172	1.04831466875	1.7610886681	2.80940333685	0.698876445834	1.07518399843
17.199	1.04848114917	1.76558555724	2.8140667064	0.698987432777	1.07806227251
17.226	1.04754476671	1.76769835329	2.81524312	0.698363177806	1.07883765044
17.253	1.04619480472	1.76684478934	2.81303959406	0.697463203148	1.07757468313
17.28	1.04479177248	1.7642115574	2.80900332988	0.696527848319	1.07521547254
17.307	1.0430583295	1.76352203086	2.80658036036	0.695372219664	1.0737169552
17.334	1.04013452142	1.7600056945	2.80014021592	0.693423014282	1.0697106946
17.361	1.0355705526	1.76511623155	2.80068678415	0.690380368398	1.06941644905
17.388	1.02983972246	1.77163301611	2.80147273856	0.686559814971	1.06894085552
17.415	1.02428172499	1.77730941572	2.80159114071	0.682854483325	1.06807962077
17.442	1.02024327005	1.77961807668	2.79986134673	0.680162180035	1.06642704653
17.469	1.01738989901	1.78354724626	2.80093714527	0.678259932675	1.06657163521
17.496	1.01436570629	1.78708820261	2.8014539089	0.676243804194	1.06629342779
17.523	1.0104491577	1.79102080968	2.80146996738	0.673632771797	1.06551975579
17.55	1.00582798958	1.79854747168	2.80437546126	0.670551993053	1.06625451941
17.577	1.00101347555	1.80394952578	2.80496300133	0.667342317035	1.06555269359
17.604	0.996340039691	1.81096662179	2.80730666148	0.664226693127	1.0658538756
17.631	0.992401119635	1.81779002313	2.81019114276	0.661600746423	1.06659418847
17.658	0.990272832884	1.81821249059	2.80848532347	0.660181888589	1.06494400474
17.685	0.990852652566	1.81539740451	2.80625005707	0.660568435044	1.06337229733
17.712	0.994370159812	1.80722255757	2.80159271738	0.662913439874	1.06084607397
17.739	1.00049978588	1.79761235514	2.79811214103	0.666999857255	1.05934938588
17.766	1.00847271687	1.79014309393	2.7986158108	0.67231514458	1.06040820796
17.793	1.0174819039	1.78340145546	2.80088335936	0.678321269269	1.06263529136
17.82	1.02675769475	1.77858071948	2.80533841424	0.684505129835	1.06620639401
17.847	1.0357318933	1.77362310825	2.80935500155	0.690487928865	1.06945673626
17.874	1.0437898366	1.76778515726	2.81157499386	0.695859891066	1.07151144307
17.901	1.05016979141	1.7563570575	2.80652684891	0.700113194273	1.06910935444
17.928	1.05457611347	1.74960176726	2.80417788073	0.703050742315	1.06800182317
17.955	1.05699567035	1.74835776021	2.80535343056	0.704663780235	1.06866614901
17.982	1.05777637511	1.74472019179	2.8024965669	0.705184250077	1.06686340154
18.009	1.05758397569	1.74050104186	2.79808501755	0.705055983794	1.06417866796
18.036	1.0574474158	1.74077755299	2.79822496879	0.704964943869	1.06430763323
18.063	1.05813219075	1.74349200829	2.80162419904	0.705421460501	1.06662447056
18.09	1.05999638026	1.73929534591	2.79929172616	0.706664253504	1.06595428713
18.117	1.06322141272	1.73543046976	2.79865188248	0.708814275145	1.0665203387
18.144	1.06730772832	1.73019806498	2.7975057933	0.711538485545	1.06691073819
18.171	1.07125891118	1.73016988165	2.80142879283	0.714172607455	1.07020908763
18.198	1.07406329045	1.72964371872	2.80370700916	0.71604219363	1.07237113701
18.225	1.07528744083	1.72666014191	2.80194758274	0.71685829389	1.07189458489
18.252	1.07448786913	1.72689667715	2.80138454629	0.71632524609	1.07177974408
18.279	1.07154250464	1.73108486381	2.80262736845	0.714361669762	1.07242896786
18.306	1.06688404332	1.73528614707	2.8021701904	0.711256028882	1.07188633866
18.333	1.06090116276	1.74757906594	2.80848022869	0.707267441838	1.07515561101
18.36	1.05432200524	1.7508198356	2.80514184084	0.702881336824	1.07274591621
18.387	1.04759371456	1.75745132225	2.80504503681	0.698395809705	1.07213944936
18.414	1.04085505278	1.76932636908	2.81018142186	0.69390336852	1.0744682901
18.441	1.03442191314	1.78100014015	2.81542205329	0.689614608758	1.07678219191
18.468	1.02852668894	1.78122720987	2.8097538988	0.685684459292	1.07279957939
18.495	1.02354884048	1.78453558804	2.80808442852	0.682365893656	1.07117003578
18.522	1.01969103069	1.79075278066	2.81044381135	0.679794020462	1.07191624391
18.549	1.01683313824	1.79134398343	2.80817712166	0.677888758825	1.07011551013
18.576	1.01561227767	1.79266070616	2.80827298382	0.677074851777	1.06988641948
18.603	1.01675696371	1.79321594035	2.80997290406	0.677837975805	1.0709082785
18.63	1.02007151088	1.78925618981	2.80932770068	0.680047673917	1.07088213674
18.657	1.02462160877	1.78581042283	2.8104320316	0.683081072514	1.07200201944
18.684	1.02947246835	1.78322892226	2.81270139062	0.686314978903	1.07377526932
18.711	1.03405872596	1.77573482611	2.80979355207	0.689372483972	1.07250528553
18.738	1.0381522334	1.7722623878	2.8104146212	0.692101488935	1.07325740579
18.765	1.04192078598	1.76391784275	2.80583862873	0.694613857322	1.07101408689
18.792	1.04556067232	1.75675663583	2.80231730816	0.697040448216	1.06937977722
18.819	1.04911785391	1.75664896313	2.80576681704	0.699411902604	1.07175443174
18.846	1.05235276095	1.75915494907	2.81150771002	0.701568507299	1.07546100774
18.873	1.054968409	1.74790040017	2.80286880917	0.703312272666	1.07084118032
18.9	1.05644260707	1.74800311547	2.80444572254	0.704295071381	1.07207848814
18.927	1.05657055304	1.74785682293	2.80442737597	0.704380368696	1.07224999868
18.954	1.05531785506	1.75265199443	2.8079698495	0.703545236709	1.07426806651
18.981	1.05253268545	1.75148494525	2.8040176307	0.701688456966	1.07173918979
19.008	1.04818910191	1.76098100165	2.80917010356	0.69879273461	1.07425683647
19.035	1.04229276296	1.76455618382	2.80684894679	0.694861841976	1.07227424208
19.062	1.03523459848	1.76586722413	2.8011018226	0.690156398985	1.06817042266
19.089	1.02764012742	1.76953261136	2.79717273878	0.685093418278	1.06504350418
19.116	1.02017862003	1.78168445596	2.80186307599	0.680119080022	1.06695065087
19.143	1.01376883103	1.79101701927	2.8047858503	0.675845887352	1.06799797279
19.17	1.00907571942	1.79683559005	2.80591130947	0.672717146283	1.06825456072
19.197	1.00639648379	1.79776498605	2.80416146984	0.670930989193	1.06710096697
19.224	1.00576617294	1.79492130485	2.80068747779	0.670510781962	1.06511623941
19.251	1.00646411631	1.79992593565	2.80639005196	0.67097607754	1.06854898737
19.278	1.00793170774	1.8001425693	2.80807427704	0.671954471827	1.06974762422
19.305	1.01024010568	1.79377161895	2.80401172462	0.673493403784	1.06770189918
19.332	1.01360766438	1.78582963922	2.79943730359	0.675738442918	1.0654709992
19.359	1.01809752875	1.78409519784	2.80219272659	0.678731685831	1.06765831227
19.386	1.02372062148	1.77723532468	2.80095594616	0.682480414319	1.06766275275
19.413	1.03014496419	1.77072842377	2.80087338796	0.68676330946	1.06835499081
19.44	1.03661937963	1.76699175133	2.80361113096	0.691079586419	1.07060065792
19.467	1.04230649619	1.7618270541	2.80413355029	0.69487099746	1.07140202673
19.494	1.04665801768	1.75565425152	2.80231226921	0.697772011789	1.07064106299
19.521	1.0495058412	1.75172126254	2.80122710373	0.699670560799	1.07002089604
19.548	1.05063865713	1.75577967957	2.80641833669	0.700425771417	1.07276571094
19.575	1.05017219352	1.75390512639	2.80407731991	0.70011479568	1.07092454438
19.602	1.04860298379	1.75553045072	2.80413343451	0.69906865586	1.07026302864
19.629	1.04647937645	1.75598035942	2.80245973587	0.697652917631	1.06852798407
19.656	1.04421498676	1.75946799798	2.80368298474	0.696143324505	1.06852756719
19.683	1.04226849585	1.7648152964	2.80708379226	0.694845663902	1.06991185315
19.71	1.040687758	1.76706026853	2.80774802652	0.693791838664	1.06978685678
19.737	1.03920867289	1.77317703551	2.81238570839	0.692805781924	1.07200197546
19.764	1.03789957609	1.77511812415	2.81301770024	0.691933050728	1.07189434897
19.791	1.03699227174	1.77535398368	2.81234625541	0.691328181158	1.07109738717
19.818	1.037110705	1.77198423854	2.80909494353	0.691407136665	1.06897398107
19.845	1.0393476692	1.76520434308	2.80455201228	0.692898446133	1.06646288334
19.872	1.04410468363	1.75521507184	2.79931975547	0.696069789087	1.06398305693
19.899	1.05053519679	1.75146119436	2.80199639115	0.70035679786	1.06644811395
19.926	1.0576655787	1.74541157104	2.80307714973	0.705110385797	1.0681296938
19.953	1.06462576699	1.73378191898	2.79840768597	0.709750511329	1.06645054853
19.98	1.07052700191	1.7313125189	2.80183952081	0.71368466794	1.06931234321
20.007	1.07488129766	1.72980848626	2.80468978392	0.716587531774	1.07165074613
20.034	1.07747427297	1.73233715351	2.80981142648	0.718316181983	1.07507534447
20.061	1.07817812215	1.73096594802	2.80914407017	0.718785414765	1.07490396008
20.088	1.07687875967	1.7299845808	2.80686334046	0.717919173112	1.07350807403
20.115	1.07349429379	1.73684833545	2.81034262924	0.715662862525	1.07514582362
20.142	1.06806798038	1.7445888361	2.81265681648	0.712045320255	1.07584151454
20.169	1.06129545997	1.7485978957	2.80989335568	0.707530306649	1.07338684496
20.196	1.05445023198	1.7543533854	2.80880361738	0.702966821317	1.07188958201
20.223	1.04894229454	1.75643625842	2.80537855296	0.699294863026	1.06930932566
20.25	1.04551100356	1.75580387369	2.80131487724	0.697007335704	1.06676258663
20.277	1.04354039053	1.75543054995	2.79897094048	0.695693593689	1.06548725519
20.304	1.04180486049	1.75658210227	2.79838696276	0.694536573658	1.06524654397
20.331	1.0391062479	1.76089170422	2.79999795212	0.6927374986	1.06611370591
20.358	1.03473830881	1.76354241683	2.79828072564	0.689825539203	1.06476209083
20.385	1.02843071389	1.76872743196	2.79715814584	0.685620475926	1.06343202325
20.412	1.02029028059	1.77861190149	2.79890218208	0.680193520393	1.06345699521
20.439	1.01053973396	1.78543218076	2.79597191473	0.673693155976	1.06056368953
20.466	0.999503097559	1.80286829875	2.80237139631	0.666335398372	1.0629073181
20.493	0.987570758333	1.81536020676	2.8029309651	0.658380505555	1.06183107668
20.52	0.97527611735	1.81900304996	2.79427916731	0.650184078233	1.05542048273
20.547	0.963516043789	1.83713550497	2.80065154876	0.642344029193	1.05769663836
20.574	0.953585794099	1.84154142952	2.79512722362	0.635723862732	1.05328057406
20.601	0.94781269859	1.84571354491	2.7935262435	0.631875132394	1.05171879154
20.628	0.948648940386	1.84205834584	2.79070728623	0.632432626924	1.05043437236
20.655	0.956094567256	1.83611663074	2.792211198	0.63739637817	1.05264002073
20.682	0.967507193533	1.82213718026	2.78964437379	0.645004795689	1.05299194784
20.709	0.9799325072	1.81606050026	2.79599300746	0.653288338134	1.05850696921
20.736	0.991777811514	1.80882961616	2.80060742767	0.661185207676	1.06288647094
20.763	1.00297271978	1.79714795705	2.80012067683	0.668648479852	1.06414428075
20.79	1.01389747647	1.7862584986	2.80015597507	0.675931650981	1.0655636128
20.817	1.0244806329	1.77679606572	2.80127669862	0.682987088599	1.06751396938
20.844	1.03464689174	1.76891810422	2.80356499596	0.689764594497	1.07001379147
20.871	1.04422391443	1.76162982838	2.80585374281	0.696149276285	1.07235550185
20.898	1.05259548173	1.75446086329	2.80705634502	0.701730321156	1.07391137836
20.925	1.05935391523	1.7424983002	2.80185221543	0.706235943486	1.07157661368
20.952	1.06401308646	1.73822445782	2.80223754427	0.709342057637	1.07222286515
20.979	1.06619240876	1.73711693836	2.80330934713	0.710794939175	1.07290875126
21.006	1.06565395579	1.73653365572	2.80218761151	0.710435970527	1.07192534662
21.033	1.06225293776	1.73715765848	2.79941059625	0.708168625177	1.06962074963
21.06	1.05672844252	1.74044999216	2.79717843468	0.704485628345	1.06733365269
21.087	1.05038504689	1.74804487462	2.79842992151	0.700256697929	1.06691376671
21.114	1.04491885522	1.75597217887	2.80089103409	0.696612570149	1.06732343648
21.141	1.04216458784	1.75770510046	2.7998696883	0.694776391892	1.06613548859
21.168	1.04279731179	1.75933092339	2.80212823517	0.695198207858	1.06738666732
21.195	1.04582767556	1.75964010418	2.80546777974	0.69721845037	1.06966607515
21.222	1.04939715781	1.7548313883	2.80422854611	0.699598105209	1.06943834695
21.249	1.05223285816	1.75315554966	2.80538840783	0.701488572109	1.07047850773
21.276	1.05379373245	1.74934463655	2.803138369	0.702529154963	1.06930864938
21.303	1.05377596842	1.7476717809	2.80144774932	0.702517312278	1.06824651799
21.33	1.05229141757	1.7543292485	2.80662066607	0.701527611713	1.07101036908
21.357	1.05004835606	1.75714344451	2.80719180057	0.700032237374	1.07103337359
21.384	1.04772381174	1.76120917702	2.80893298876	0.69848254116	1.071738188
21.411	1.04576795195	1.75743182637	2.80319977831	0.697178634631	1.06826011176
21.438	1.04477827513	1.76292882668	2.80770710181	0.696518850085	1.07090543259
21.465	1.04520913985	1.76533819796	2.81054733781	0.696806093234	1.07277416351
21.492	1.04693293708	1.76762911912	2.8145620562	0.697955291389	1.07548968306
21.519	1.04951319546	1.75978617436	2.80929936983	0.699675463643	1.07298458733
21.546	1.05257638446	1.75326940433	2.80584578879	0.701717589643	1.07156100135
21.573	1.05548331235	1.75093042433	2.80641373669	0.70365554157	1.07244358703
21.6	1.05775991687	1.75026430311	2.80802421997	0.70517327791	1.07382098359
21.627	1.05881610855	1.74728369916	2.80609980771	0.705877405698	1.07294842104
21.654	1.05804374676	1.74857428007	2.80661802683	0.705362497839	1.07317218311
21.681	1.05507434848	1.75105289143	2.80612723991	0.703382898987	1.07245530861
21.708	1.04984344263	1.75683920041	2.80668264304	0.699895628417	1.07205690177
21.735	1.04334098176	1.76399559827	2.80733658003	0.695560654509	1.07149271587
21.762	1.03711724821	1.77027310907	2.80739035728	0.691411498806	1.07055097898
21.789	1.03236727169	1.77276173255	2.80512900424	0.688244847793	1.06847859987
21.816	1.02962443402	1.78124731378	2.8108717478	0.686416289345	1.07135401188
21.843	1.02862364978	1.77935144272	2.80797509251	0.685749099855	1.0694988847
21.87	1.02850369607	1.77714136898	2.80564506504	0.68566913071	1.06810878276
21.897	1.02845025914	1.77474737937	2.80319763851	0.685633506091	1.06668501816
21.924	1.02807208002	1.77859885833	2.80667093835	0.685381386679	1.06859452641
21.951	1.02746408029	1.77978135669	2.80724543699	0.68497605353	1.06874385309
21.978	1.0268954917	1.77759534616	2.80449083786	0.684596994465	1.06694586109
22.005	1.02680363808	1.7707815936	2.79758523169	0.684535758723	1.06284880394
22.032	1.02732364852	1.76916293296	2.79648658148	0.684882432345	1.0622418528
22.059	1.02827372626	1.76758687366	2.79586059993	0.68551581751	1.06208263093
22.086	1.02971555787	1.76782958826	2.79754514613	0.686477038578	1.06339047787
22.113	1.03175000413	1.7646759346	2.79642593873	0.687833336087	1.06318474444
22.14	1.03435476129	1.77061566719	2.80497042848	0.689569840862	1.0686782662
22.167	1.03739507725	1.76471091963	2.80210599688	0.691596718167	1.06766625813
22.194	1.04069710885	1.76482937877	2.80552648763	0.693798072569	1.07036477874
22.221	1.04395160128	1.76037000394	2.80432160523	0.695967734189	1.07046404771
22.248	1.04698826727	1.75624341387	2.80323168114	0.697992178179	1.07065885733
22.275	1.05000228	1.74920189865	2.79920417866	0.700001520002	1.06914419851
22.302	1.05282269351	1.74814377549	2.800966469	0.701881795674	1.07093723241
22.329	1.05521733346	1.74508457661	2.80030191007	0.703478222308	1.07130963303
22.356	1.05727401261	1.7492968606	2.80657087321	0.704849341743	1.07560353678
22.383	1.05891724639	1.74947775188	2.80839499828	0.705944830928	1.07720682444
22.41	1.05993899441	1.75126418335	2.81120317776	0.706625996272	1.07928011094
22.437	1.06017064081	1.74759136981	2.80776201062	0.706780427205	1.07760807943
22.464	1.05952590362	1.74476750844	2.80429341205	0.706350602411	1.07579289245
22.491	1.05818394026	1.7496088177	2.80779275795	0.705455960172	1.07785559875
22.518	1.05631486865	1.74974100054	2.80605586919	0.704209912433	1.0767872458
22.545	1.05400785386	1.75084336206	2.80485121592	0.702671902575	1.07596631192
22.572	1.0516414154	1.7503297773	2.8019711927	0.701094276934	1.07410531727
22.599	1.04928082045	1.75548470023	2.80476552068	0.699520546965	1.07545697433
22.626	1.04665606591	1.75869825273	2.80535431863	0.697770710606	1.0754366034
22.653	1.04359107684	1.76226066274	2.80585173958	0.69572738456	1.07523930524
22.68	1.03983431898	1.76771284587	2.80754716485	0.69322287932	1.07557424381
22.707	1.0353066366	1.77228059182	2.80758722842	0.690204424399	1.07480022565
22.734	1.03016168939	1.77693588772	2.80709757711	0.686774459596	1.07361542168
22.761	1.0244960749	1.78384438724	2.80834046213	0.682997383267	1.07343033024
22.788	1.01886631748	1.7889181129	2.80778443038	0.679244211655	1.07225549116
22.815	1.01369371517	1.79403614597	2.80772986114	0.675795810115	1.07143716807
22.842	1.00896908609	1.80217153341	2.81114061951	0.672646057397	1.07270968854
22.869	1.00477855792	1.80865928895	2.81343784686	0.669852371945	1.07343332928
22.896	1.00121768602	1.81154714861	2.81276483463	0.667478457344	1.07256445888
22.923	0.998383535332	1.81616589783	2.81454943316	0.665589023555	1.0732315791
22.95	0.996335113536	1.81766243752	2.81399755105	0.664223409024	1.07271150522
22.977	0.9952267696	1.82095516161	2.81618193121	0.663484513066	1.07394076962
23.004	0.99513977953	1.8198850794	2.81502485893	0.663426519687	1.07336669854
23.031	0.995983825333	1.82654588772	2.82252971305	0.663989216889	1.07793179368
23.058	0.99769858513	1.82607415653	2.82377274166	0.665132390086	1.07900491219
23.085	1.00009743867	1.82651723626	2.82661467492	0.666731625777	1.08113469254
23.112	1.00289223295	1.8236351515	2.82652738446	0.66859482197	1.0816600024
23.139	1.00592702556	1.82289153549	2.82881856105	0.67061801704	1.08354192565
23.166	1.00869269878	1.81777688715	2.82646958593	0.672461799186	1.08267246046
23.193	1.01074512754	1.8111347851	2.82187991264	0.673830085027	1.08037341565
23.22	1.01240159084	1.80837118324	2.82077277407	0.674934393892	1.07990485947
23.247	1.01459243565	1.80402339949	2.81861583514	0.676394957101	1.07872418667
23.274	1.01835454521	1.79681405707	2.81516860228	0.678903030141	1.07695845948
23.301	1.02401056601	1.78765071811	2.81166128413	0.682673710674	1.07542466853
23.328	1.03035155388	1.78298520428	2.81333675816	0.686901035923	1.07697585187
23.355	1.03559261047	1.78128609627	2.81687870674	0.690395073648	1.0794452844
23.382	1.03902458258	1.77206404703	2.81108862961	0.692683055052	1.07622939961
23.409	1.04054970498	1.76488869585	2.80543840083	0.693699803322	1.07273468961
23.436	1.04026719406	1.76351239759	2.80377959166	0.693511462709	1.07127155056
23.463	1.03865709161	1.76464540463	2.80330249624	0.692438061072	1.07028416995
23.49	1.03618945852	1.768416724	2.80460618252	0.69079297235	1.0702089394
23.517	1.03335828266	1.76837862927	2.80173691193	0.688905521774	1.06771693096
23.544	1.03051069859	1.77512709033	2.80563778891	0.687007132391	1.06919351711
23.571	1.02796068169	1.77823393271	2.80619461441	0.685307121128	1.06878632563
23.598	1.02578217264	1.77700013666	2.8027823093	0.68385478176	1.06612542878
23.625	1.02388367268	1.77666185583	2.80054552851	0.682589115119	1.06418628246
23.652	1.02258928964	1.77739458703	2.79998387667	0.681726193092	1.06333052437
23.679	1.02274898397	1.77671119773	2.79946018169	0.681832655977	1.06275545407
23.706	1.02507615832	1.77438151696	2.79945767527	0.683384105544	1.06289009987
23.733	1.02947487577	1.76643625736	2.79591113313	0.686316583847	1.06135911497
23.76	1.03495762731	1.76430119472	2.79925882202	0.689971751537	1.06401958634
23.787	1.04039611186	1.75944916393	2.79984527579	0.693597407907	1.06513169133
23.814	1.04519674097	1.75406311824	2.7992598592	0.696797827312	1.06553393382
23.841	1.04918837005	1.74949694456	2.79868531461	0.699458913368	1.06586748467
23.868	1.0522801178	1.7492638996	2.8015440174	0.701520078531	1.0681270513
23.895	1.05444587302	1.74760698474	2.80205285776	0.70296391535	1.06900959692
23.922	1.05589793658	1.74622479313	2.80212272971	0.70393195772	1.06960082066
23.949	1.05689938019	1.74582595574	2.80272533593	0.704599586793	1.07046601484
23.976	1.05741751788	1.74422807812	2.80164559599	0.704945011917	1.07032436526
24.003	1.05744886709	1.74489973076	2.80234859786	0.704965911395	1.07117702938
24.03	1.05738202989	1.74787701262	2.80525904251	0.704921353261	1.07326024372
24.057	1.05740300557	1.74782740573	2.8052304113	0.704935337044	1.07362575319
24.084	1.05780518066	1.74858093468	2.80638611534	0.705203453776	1.07466323838
24.111	1.05857759601	1.7495494908	2.80812708681	0.705718397342	1.07603594996
24.138	1.05942648499	1.75331850516	2.81274499015	0.706284323325	1.07902725886
24.165	1.0598767104	1.75167287675	2.81154958715	0.706584473601	1.07856068522
24.192	1.05954793125	1.75315566833	2.81270359958	0.7063652875	1.07928107158
24.219	1.05838750994	1.75661169811	2.81499920805	0.705591673293	1.08046473876
24.246	1.05631507046	1.7563865912	2.81270166166	0.704210046972	1.07883899281
24.273	1.05365484045	1.76252382787	2.81617866832	0.702436560298	1.08044248848
24.3	1.05084756383	1.76078737704	2.81163494087	0.70056504255	1.07738073473
24.327	1.04832341671	1.76275555229	2.81107896901	0.698882277808	1.07667089323
24.354	1.0465039953	1.76284399613	2.80934799143	0.697669330199	1.07535766527
24.381	1.04545339334	1.76453086199	2.80998425533	0.696968928894	1.07547330513
24.408	1.04492263023	1.7644397437	2.80936237393	0.696615086821	1.07492359607
24.435	1.0446587259	1.76415519968	2.80881392558	0.6964391506	1.07441350487
24.462	1.0442760233	1.76390176569	2.80817778899	0.696184015532	1.07386065849
24.489	1.04360560437	1.75998327072	2.80358887509	0.69573706958	1.0710181523
24.516	1.04290101064	1.76016008361	2.80306109425	0.695267340426	1.07050578371
24.543	1.04229521187	1.76594832476	2.80824353663	0.694863474581	1.07330338984
24.57	1.04193151122	1.76169851722	2.80363002844	0.694621007482	1.07048315304
24.597	1.0420619853	1.76037956388	2.80244154919	0.694707990203	1.06968691963
24.624	1.04260226002	1.76034740987	2.80294966989	0.695068173345	1.06993291607
24.651	1.04325170255	1.75442731746	2.79767902001	0.695501135034	1.06689699007
24.678	1.04372168942	1.75506169085	2.79878338027	0.695814459615	1.06751862372
24.705	1.04344831071	1.75980580872	2.80325411944	0.695632207143	1.07001372293
24.732	1.04181085707	1.76375607981	2.80556693689	0.694540571382	1.07112171376
24.759	1.03879101852	1.7697226806	2.80851369912	0.692527345678	1.07238887432
24.786	1.03437794909	1.7769035854	2.81128153449	0.689585299395	1.07335021603
24.813	1.02857884569	1.78326925547	2.81184810116	0.685719230462	1.0728384336
24.84	1.02171743729	1.78666687878	2.80838431607	0.681144958191	1.06986244851
24.867	1.01433620074	1.79744480548	2.81178100622	0.676224133826	1.0707978279
24.894	1.00726601502	1.80567072408	2.81293673909	0.671510676678	1.07046485939
24.921	1.00119564116	1.81638437694	2.8175800181	0.667463760771	1.07228617726
24.948	0.996628850653	1.81932696754	2.8159558182	0.664419233769	1.07071154046
24.975	0.993901185045	1.82091137229	2.81481255733	0.66260079003	1.06967565802
